3.0 0.8198318481445312 0.4626173675060272 0.14977872371673584 0.22692593932151794
3.0 0.10897015035152435 0.6086050868034363 0.15774355828762054 0.24284976720809937
3.0 0.47122544050216675 0.6481127738952637 0.17870932817459106 0.24291536211967468
3.0 0.6356148719787598 0.6842475533485413 0.18476060032844543 0.2801978886127472
3.0 0.8151406645774841 0.6988882422447205 0.18925833702087402 0.2634183466434479
3.0 0.2989976704120636 0.6353539228439331 0.16946645081043243 0.27424246072769165
3.0 0.15647974610328674 0.3625544011592865 0.16291281580924988 0.2520170211791992
3.0 0.3346012830734253 0.3704279959201813 0.18001259863376617 0.27536049485206604
3.0 0.49742963910102844 0.4009013772010803 0.16291172802448273 0.2520069479942322
3.0 0.6608586311340332 0.42593440413475037 0.1605590134859085 0.24961042404174805
3.0 0.9968711137771606 0.7278549075126648 0.006257759407162666 0.2634183466434479
