3.0 0.5722143054008484 0.0016822415636852384 0.2505609095096588 0.0033644831273704767
3.0 0.4226033091545105 0.0323556549847126 0.221006840467453 0.0647113099694252
3.0 0.26900678873062134 0.07111632078886032 0.23347103595733643 0.14223264157772064
3.0 0.6546568870544434 0.27626800537109375 0.2505609095096588 0.5112848281860352
3.0 0.5050479173660278 0.34109723567962646 0.221006840467453 0.5043461918830872
3.0 0.34924623370170593 0.40105608105659485 0.23347103595733643 0.5111958384513855
3.0 0.7466536164283752 0.6396721601486206 0.23837144672870636 0.46352970600128174
3.0 0.6357991695404053 0.6499762535095215 0.11844541877508163 0.34566980600357056
3.0 0.5139592289924622 0.7643119096755981 0.2423316091299057 0.4713761508464813
3.0 0.4170137345790863 0.7623780965805054 0.19717718660831451 0.442754864692688
3.0 0.30967265367507935 0.7359479665756226 0.1953795701265335 0.44343918561935425
3.0 0.8374094367027283 0.9948748350143433 0.23837144672870636 0.010250293649733067
