3.0 0.005246816202998161 0.7250058650970459 0.010493632405996323 0.2743612229824066
3.0 0.1615576297044754 0.435044527053833 0.17455095052719116 0.23492871224880219
3.0 0.915083110332489 0.5044754147529602 0.1698337197303772 0.2511407732963562
3.0 0.5442086458206177 0.5815044641494751 0.20586445927619934 0.25345557928085327
3.0 0.3741917014122009 0.6344277262687683 0.21534200012683868 0.2900600731372833
3.0 0.18642649054527283 0.6677278280258179 0.21854816377162933 0.2743612229824066
3.0 0.7244493961334229 0.5508278012275696 0.19900357723236084 0.28267428278923035
3.0 0.8514772057533264 0.26663661003112793 0.19030524790287018 0.26053664088249207
3.0 0.664619505405426 0.29311084747314453 0.21001191437244415 0.28488507866859436
3.0 0.4957685172557831 0.3402829170227051 0.1903032660484314 0.2605268061161041
3.0 0.3258262574672699 0.38214901089668274 0.18766215443611145 0.2579629719257355
