0 0.1109375 0.7578125 0.12578125 0.403125
0 0.2671875 0.771875 0.14609375 0.4171875
0 0.42265625 0.771875 0.15390625 0.36875
0 0.5890625 0.80234375 0.14609375 0.35234375
0 0.73828125 0.80625 0.134375 0.2890625
0 0.89609375 0.809375 0.1546875 0.2234375
0 0.88671875 0.3234375 0.15 0.42421875
0 0.7390625 0.3078125 0.12578125 0.4796875
0 0.57578125 0.29296875 0.15703125 0.50234375
0 0.41796875 0.27578125 0.1234375 0.54296875
0 0.26796875 0.27421875 0.1375 0.521875
0 0.11796875 0.284375 0.12421875 0.5546875