0 0.153125 0.4078125 0.15390625 0.33984375
0 0.2390625 0.38828125 0.14375 0.30625
0 0.33828125 0.4 0.11796875 0.30859375
0 0.43671875 0.40234375 0.1203125 0.30859375
0 0.52265625 0.390625 0.1203125 0.30078125
0 0.62109375 0.3984375 0.10234375 0.3109375
0 0.35546875 0.565625 0.14140625 0.2640625
0 0.46015625 0.57109375 0.11015625 0.28984375
0 0.553125 0.5765625 0.10234375 0.2953125
0 0.640625 0.58203125 0.0734375 0.28984375
0 0.73046875 0.578125 0.0859375 0.2875
0 0.834375 0.58984375 0.11015625 0.28984375