0 0.1046875 0.2625 0.19375 0.49921875
0 0.24609375 0.26171875 0.16171875 0.4703125
0 0.37109375 0.25078125 0.1984375 0.41796875
0 0.50625 0.2703125 0.190625 0.42578125
0 0.6640625 0.26953125 0.209375 0.42890625
0 0.7921875 0.28359375 0.1984375 0.43671875
0 0.9234375 0.26015625 0.153125 0.43671875
0 0.1109375 0.728125 0.20625 0.4578125
0 0.3125 0.71796875 0.15390625 0.446875
0 0.43828125 0.703125 0.14921875 0.40234375
0 0.553125 0.671875 0.18046875 0.3140625
0 0.7046875 0.696875 0.128125 0.4
0 0.8484375 0.69765625 0.16484375 0.3765625