0 0.06953125 0.79765625 0.10703125 0.334375
0 0.153125 0.78828125 0.1125 0.321875
0 0.221875 0.78203125 0.11015625 0.3296875
0 0.2859375 0.76328125 0.10234375 0.3140625
0 0.36171875 0.76171875 0.096875 0.2796875
0 0.44296875 0.75390625 0.10703125 0.28984375
0 0.50625 0.759375 0.096875 0.28515625
0 0.57265625 0.7578125 0.12578125 0.28203125
0 0.640625 0.7609375 0.1046875 0.29296875
0 0.7203125 0.77421875 0.1125 0.32421875
0 0.778125 0.7765625 0.096875 0.2875
0 0.84609375 0.78671875 0.10234375 0.3140625
0 0.91875 0.79453125 0.1125 0.334375