3.0 0.5614774823188782 0.010861224494874477 0.18651437759399414 0.021722448989748955
3.0 0.7084367275238037 0.034535303711891174 0.19832158088684082 0.06907060742378235
3.0 0.3694479465484619 0.2779982089996338 0.21506564319133759 0.4799818694591522
3.0 0.5122092962265015 0.3147028088569641 0.18651437759399414 0.47882911562919617
3.0 0.6604864001274109 0.3455290198326111 0.19832158088684082 0.48339250683784485
3.0 0.30267488956451416 0.6503618359565735 0.20596812665462494 0.4328519403934479
3.0 0.40648946166038513 0.6406065225601196 0.09546291828155518 0.334951251745224
3.0 0.5272098183631897 0.7542675137519836 0.20651787519454956 0.49007245898246765
3.0 0.616178035736084 0.7115157246589661 0.1668339967727661 0.419706255197525
3.0 0.7148052453994751 0.6664144396781921 0.16503138840198517 0.42078590393066406
