3.0 0.8398969769477844 0.40158700942993164 0.12987303733825684 0.2121189832687378
3.0 0.13751499354839325 0.6191160082817078 0.13635697960853577 0.22727501392364502
3.0 0.5076460242271423 0.620199978351593 0.15800797939300537 0.22510695457458496
3.0 0.6775590181350708 0.6385840177536011 0.16017603874206543 0.2619340419769287
3.0 0.86045902967453 0.6342679858207703 0.16665995121002197 0.24459004402160645
3.0 0.3323189914226532 0.6256049871444702 0.1450290083885193 0.2575780153274536
3.0 0.1591549962759018 0.37236300110816956 0.14069297909736633 0.23593801259994507
3.0 0.3399119973182678 0.3615429997444153 0.15580099821090698 0.2575780153274536
3.0 0.5076419711112976 0.3745259940624237 0.14069297909736633 0.2359279990196228
3.0 0.6753960251808167 0.382099986076355 0.13852500915527344 0.23377001285552979
