3.0 0.16010302305221558 0.40158700942993164 0.12987303733825684 0.2121189832687378
3.0 0.8624850511550903 0.6191160082817078 0.13635700941085815 0.22727501392364502
3.0 0.49235397577285767 0.620199978351593 0.15800797939300537 0.22510695457458496
3.0 0.3224409818649292 0.6385840177536011 0.16017603874206543 0.2619340419769287
3.0 0.13954097032546997 0.6342679858207703 0.16665995121002197 0.24459004402160645
3.0 0.6676809787750244 0.6256049871444702 0.1450290083885193 0.2575780153274536
3.0 0.840844988822937 0.37236300110816956 0.14069300889968872 0.23593801259994507
3.0 0.6600880026817322 0.3615429997444153 0.1558009386062622 0.2575780153274536
3.0 0.4923580586910248 0.3745259940624237 0.14069300889968872 0.2359279990196228
3.0 0.32460397481918335 0.382099986076355 0.13852500915527344 0.23377001285552979
