1 1 0.356640625 0.953125 0.333203125 0.9 0.3390625 0.8796876906250001 0.391015625 0.8328126906250001 0.7394532203125 0.884375 0.759765625 0.9609375 0.741015625 1 0.522265625 1 0.356640625
1 0.7890625 0.62890625 0.1625 0.4421875
1 0.675 0.5578125 0.1375 0.415625
1 0.6328125 0.32421875 0.115625 0.0828125
1 0.55 0.51171875 0.140625 0.3828125
1 0.50234375 0.621875 0.1390625 0.3875
1 0.45078125 0.484375 0.1171875 0.378125
1 0.35234375 0.609375 0.1546875 0.396875
1 0.2375 0.5765625 0.159375 0.384375
1 0.3140625 0.3734375 0.140625 0.165625
1 0.1 0.56171875 0.2 0.4265625
