1 0.15390625 0.3140625 0.2609375 0.3125
1 0.85859375 0.3171875 0.2828125 0.325
1 0.75625 0.1609375 0.140625 0.05
1 0.61484375 0.14296875 0.1390625 0.0546875
1 0.6171875 0.3265625 0.24375 0.3125
1 0.37734375 0.2734375 0.2484375 0.340625
1 0.8140625 0.5921875 0.240625 0.3
1 0.59921875 0.5875 0.2109375 0.28125
1 0.38203125 0.5828125 0.2234375 0.278125
1 0.1703125 0.57890625 0.221875 0.2734375
1 0.765625 0.83203125 0.2 0.2078125
1 0.58046875 0.81953125 0.1890625 0.2296875
1 0.38671875 0.81953125 0.1921875 0.2359375
1 0.20078125 0.80859375 0.1921875 0.2234375
