1 0.646875 0.06796875 0.20625 0.1359375
1 0.76640625 0.44609375 0.1484375 0.2859375
1 0.63125 0.40625 0.096875 0.215625
1 0.4578125 0.4109375 0.24375 0.315625
1 0.2375 0.465625 0.253125 0.25
1 0.0625 0.54765625 0.125 0.2515625
1 0.09609375 0.8015625 0.1921875 0.290625
1 0.725 0.4953125 0.15625 0.121875
1 0.5859375 0.5859375 0.11875 0.184375
1 0.51015625 0.63125 0.1296875 0.165625
1 0.3328125 0.66015625 0.10625 0.2078125
1 0.2203125 0.69921875 0.190625 0.2609375
1 0.28125 0.86015625 0.15625 0.2046875
1 0.42890625 0.76171875 0.1421875 0.1796875
1 0.553125 0.7546875 0.125 0.1375
1 0.6984375 0.76875 0.31875 0.303125
1 0.76875 0.8109375 0.309375 0.296875
