1 0.17109375 0.21484375 0.1546875 0.2796875
1 0.4828125 0.16484375 0.134375 0.2734375
1 0.3421875 0.23671875 0.215625 0.3359375
1 0.85078125 0.38125 0.1828125 0.315625
1 0.74609375 0.2625 0.1953125 0.328125
1 0.6015625 0.19140625 0.196875 0.3046875
1 0.93984375 0.63046875 0.1203125 0.4421875
1 0.8265625 0.6796875 0.134375 0.296875
1 0.70390625 0.66484375 0.1546875 0.4171875
1 0.5046875 0.78125 0.225 0.171875
1 0.31484375 0.80078125 0.1578125 0.2265625
1 0.09609375 0.7421875 0.1921875 0.228125
1 0.0640625 0.48359375 0.128125 0.3328125
1 0.58046875 0.43359375 0.1921875 0.1859375
1 0.54296875 0.6234375 0.1609375 0.2
1 0.4328125 0.51640625 0.165625 0.3078125
1 0.30859375 0.540625 0.1828125 0.3
1 0.18515625 0.49765625 0.1734375 0.3046875
