1 0.0859375 0.1265625 0.171875 0.253125
1 0.57734375 0.125 0.1734375 0.25
1 0.25 0.12578125 0.190625 0.2515625
1 0.91171875 0.3703125 0.1765625 0.259375
1 0.7453125 0.365625 0.175 0.259375
1 0.57890625 0.37265625 0.1734375 0.2515625
1 0.42265625 0.365625 0.1703125 0.253125
1 0.25859375 0.36953125 0.1859375 0.2609375
1 0.08359375 0.36328125 0.1671875 0.2671875
1 0.9078125 0.61640625 0.184375 0.2734375
1 0.74375 0.60546875 0.165625 0.2984375
1 0.57734375 0.6203125 0.1703125 0.26875
1 0.41875 0.61640625 0.159375 0.2671875
1 0.25546875 0.62265625 0.1671875 0.2671875
1 0.084375 0.62109375 0.16875 0.2734375
1 0.90859375 0.86328125 0.1828125 0.2734375
1 0.740625 0.85078125 0.178125 0.2796875
1 0.5828125 0.8578125 0.1625 0.284375
1 0.4171875 0.8578125 0.15625 0.278125
1 0.25625 0.8640625 0.153125 0.2625
1 0.0859375 0.86171875 0.171875 0.2765625
