1 0.471875 0.6 0.325 0.128125
1 0.196875 0.2734375 0.325 0.275
1 0.46953125 0.109375 0.2859375 0.128125
1 0.83828125 0.121875 0.2109375 0.103125
1 0.6828125 0.4265625 0.3 0.1625
1 0.87734375 0.27109375 0.1453125 0.1953125
1 0.565625 0.2640625 0.36875 0.240625
1 0.88359375 0.60546875 0.2328125 0.1046875
1 0.1625 0.7796875 0.325 0.303125
1 0.57890625 0.7703125 0.4265625 0.296875
1 0.92734375 0.78828125 0.1453125 0.2015625
1 0.7078125 0.93203125 0.35625 0.1359375
1 0.22109375 0.9546875 0.2734375 0.090625
