1 0.0859375 0.0734375 0.171875 0.146875
1 0.078125 0.38046875 0.15625 0.4328125
1 0.8765625 0.09765625 0.246875 0.1953125
1 0.45703125 0.11875 0.2375 0.2375
1 0.24375 0.20546875 0.23359375 0.41015625
1 0.86328125 0.4140625 0.2390625 0.45625
1 0.6453125 0.271875 0.2390625 0.44609375
1 0.96640625 0.71328125 0.06640625 0.4234375
1 0.83046875 0.8125 0.240625 0.37421875
1 0.428125 0.44453125 0.2390625 0.44609375
1 0.225 0.6515625 0.23515625 0.459375
1 0.06328125 0.78671875 0.1265625 0.4265625
1 0.4046875 0.8578125 0.2375 0.284375
1 0.6078125 0.71640625 0.2390625 0.45625
1 0.184375 0.9359375 0.221875 0.128125
