1 0.34296875 0.153125 0.1109375 0.27109375
1 0.6609375 0.15 0.1046875 0.2578125
1 0.55859375 0.146875 0.10703125 0.2796875
1 0.453125 0.15 0.10859375 0.27578125
1 0.74765625 0.39140625 0.10703125 0.2640625
1 0.65234375 0.403125 0.10234375 0.27109375
1 0.5578125 0.4125 0.1109375 0.27109375
1 0.45234375 0.415625 0.1265625 0.2796875
1 0.34765625 0.4203125 0.11328125 0.27578125
1 0.24296875 0.40546875 0.11328125 0.2796875
1 0.15 0.39296875 0.10234375 0.26875
1 0.87890625 0.63125 0.11328125 0.27578125
1 0.78125 0.6390625 0.1 0.2734375
1 0.6875 0.65078125 0.1046875 0.2734375
1 0.59296875 0.66640625 0.10859375 0.27578125
1 0.496875 0.67109375 0.10234375 0.27578125
1 0.38984375 0.67578125 0.11796875 0.2578125
1 0.2921875 0.6703125 0.10234375 0.27109375
1 0.196875 0.66015625 0.1046875 0.26640625
1 0.1078125 0.6359375 0.0890625 0.27578125
