1 0.7234375 0.16328125 0.1671875 0.30859375
1 0.4828125 0.1609375 0.1671875 0.31328125
1 0.240625 0.1546875 0.171875 0.30859375
1 0.809375 0.465625 0.15859375 0.31328125
1 0.64609375 0.45859375 0.16328125 0.30390625
1 0.4875 0.45859375 0.1671875 0.30390625
1 0.32421875 0.4609375 0.1546875 0.30390625
1 0.16328125 0.4609375 0.16328125 0.30859375
1 0.88203125 0.771875 0.171875 0.30859375
1 0.725 0.7671875 0.1546875 0.30390625
1 0.56640625 0.771875 0.16328125 0.31328125
1 0.4140625 0.771875 0.1546875 0.32265625
1 0.259375 0.77890625 0.15859375 0.32265625
1 0.096875 0.77421875 0.16328125 0.32265625
