1 0.87265625 0.03828125 0.16328125 0.0765625
1 0.9015625 0.13125 0.178125 0.18046875
1 0.9328125 0.2953125 0.134375 0.2078125
1 0.9453125 0.54609375 0.109375 0.3609375
1 0.86328125 0.8578125 0.27265625 0.284375
1 0.59453125 0.86875 0.3203125 0.2625
1 0.2984375 0.87421875 0.3203125 0.2515625
1 0.09609375 0.865625 0.1921875 0.26875
1 0.12890625 0.56796875 0.2578125 0.35
1 0.34765625 0.5984375 0.24375 0.33359375
1 0.58515625 0.60078125 0.25078125 0.3390625
1 0.6234375 0.3390625 0.2 0.23515625
1 0.8 0.5515625 0.221875 0.3609375
1 0.76875 0.27578125 0.1890625 0.20234375
1 0.74765625 0.12578125 0.1421875 0.1203125
1 0.72734375 0.04375 0.134375 0.0875
1 0.60703125 0.1859375 0.14921875 0.1859375
1 0.6015625 0.05703125 0.134375 0.1140625
1 0.434375 0.3359375 0.18515625 0.25703125
1 0.44921875 0.16640625 0.14921875 0.1859375
1 0.4671875 0.04609375 0.13125 0.0921875
1 0.24921875 0.31953125 0.1890625 0.2625
1 0.090625 0.28125 0.18125 0.30625
1 0.16171875 0.0984375 0.15625 0.196875
1 0.31171875 0.10078125 0.1640625 0.2015625
