1 0.93828125 0.396875 0.1234375 0.33671875
1 0.834375 0.6546875 0.109375 0.4296875
1 0.93828125 0.71171875 0.1203125 0.31015625
1 0.7234375 0.70625 0.11640625 0.353125
1 0.6109375 0.7203125 0.10546875 0.29375
1 0.50390625 0.35859375 0.1203125 0.33125
1 0.39453125 0.646875 0.1203125 0.42421875
1 0.50390625 0.6953125 0.1203125 0.34765625
1 0.2796875 0.64140625 0.11640625 0.43984375
1 0.1671875 0.42109375 0.1125 0.26640625
1 0.06015625 0.6953125 0.1203125 0.3421875
1 0.17109375 0.70625 0.11640625 0.31484375
