1 0.1734375 0.49296875 0.1421875 0.3109375
1 0.11796875 0.8265625 0.115625 0.284375
1 0.23359375 0.82421875 0.09765625 0.27109375
1 0.82890625 0.15078125 0.1421875 0.2625
1 0.77109375 0.2 0.16875 0.2890625
1 0.59140625 0.19765625 0.18203125 0.27109375
1 0.50703125 0.153125 0.1734375 0.29765625
1 0.9203125 0.6640625 0.09765625 0.2625
1 0.87109375 0.70703125 0.1203125 0.27109375
1 0.79765625 0.5890625 0.1109375 0.07109375
1 0.73125 0.79140625 0.16875 0.2890625
1 0.74921875 0.62890625 0.12890625 0.0625
1 0.5625 0.79140625 0.16015625 0.30703125
1 0.61796875 0.646875 0.1375 0.09765625
1 0.68203125 0.5375 0.12890625 0.19140625
1 0.55078125 0.5375 0.13359375 0.1734375
1 0.46015625 0.72890625 0.15078125 0.26640625
1 0.421875 0.66875 0.12890625 0.23984375
