1 0.87578125 0.0953125 0.2484375 0.190625
1 0.8609375 0.41953125 0.2421875 0.43828125
1 0.82734375 0.81796875 0.2390625 0.3640625
1 0.965625 0.709375 0.06875 0.4125
1 0.64375 0.271875 0.23515625 0.44453125
1 0.6078125 0.721875 0.2453125 0.43203125
1 0.396875 0.8515625 0.2453125 0.29609375
1 0.18203125 0.93515625 0.23203125 0.1296875
1 0.06328125 0.78984375 0.12578125 0.41953125
1 0.07734375 0.3765625 0.1546875 0.45078125
1 0.22421875 0.6515625 0.2421875 0.46875
1 0.43046875 0.44765625 0.2421875 0.45703125
1 0.4609375 0.1203125 0.23203125 0.240625
1 0.2453125 0.21640625 0.2421875 0.43203125
