1 0.165625 0.48671875 0.1515625 0.3109375
1 0.12109375 0.82578125 0.121875 0.284375
1 0.234375 0.82734375 0.11171875 0.27109375
1 0.828125 0.1515625 0.153125 0.2625
1 0.7703125 0.196875 0.1796875 0.2875
1 0.590625 0.19921875 0.2046875 0.28515625
1 0.49765625 0.15703125 0.15859375 0.31328125
1 0.66640625 0.04453125 0.1296875 0.0828125
1 0.9203125 0.6640625 0.10703125 0.253125
1 0.87265625 0.7015625 0.121875 0.265625
1 0.7953125 0.58828125 0.11328125 0.07890625
1 0.75234375 0.6390625 0.1484375 0.07734375
1 0.725 0.79140625 0.16640625 0.2890625
1 0.56484375 0.78984375 0.16328125 0.29140625
1 0.67890625 0.53515625 0.13515625 0.17421875
1 0.61328125 0.64609375 0.13359375 0.1015625
1 0.5515625 0.54609375 0.15 0.1921875
1 0.46015625 0.7265625 0.15703125 0.27890625
1 0.42109375 0.671875 0.13203125 0.25390625
